0, -1.8723;
1, 0.5946;
2, -2.3456;
3, -0.1266;
4, 1.8049;
5, 1.0934;
6, 0.2761;
7, 1.3469;
8, 0.8864;
9, -1.1851;
10, -0.1240;
11, -0.2669;
12, -0.3657;
13, -0.5425;
14, 0.2540;
15, -2.3997;
16, 1.1595;
17, -2.7674;
18, 0.9605;
19, 2.2860;
20, 3.8730;
21, 0.4594;
22, 4.7375;
23, 2.5734;
24, -3.6712;
25, -0.9146;
26, -0.5562;
27, -1.1913;
28, -1.0687;
29, 1.0121;
30, 2.2490;
31, 1.5286;
32, 2.6510;
33, 3.5360;
34, -2.2794;
35, 18.7045;
36, 2.0027;
37, 23.2244;
38, 11.6508;
39, -18.1005;
40, -0.8966;
41, -0.4565;
42, -1.0243;
43, -1.0628;
44, 0.8746;
45, -1.2025;
46, 1.1646;
47, -1.5219;
48, 1.3790;
49, 1.2977;
50, 2.7845;
51, -3.4758;
52, -22.8102;
53, 22.5632;
54, 9.7537;
55, -10.6590;
56, -35.2179;
57, 34.8595;
58, 2.9827;
59, -4.0325;
60, 23.2183;
61, -23.4306;
